function [envelope] = FlightEnvelope()

envelope.altitude = [0
       692.04
       1172.2
       2154.6
       3155.2
       4234.4
       4744.5
       5719.7
         7610
       8096.7
         8977
       9320.1
       9403.1
        12770
        13149
        15120
        15120
        15087
        14982
        14675
        14366
        13944
        13495
        13025
        12570
        12085
        11089
        10588
       9538.2
       8513.7
       8034.5
       6938.3
         6426
       5329.7
       4756.8
       4176.5
       3148.1
       2663.3
       2038.8
       1487.9
       750.16
            0
            0];
        
envelope.velocity = [155.65
        161.5
       165.83
       175.34
       185.28
       196.53
       202.15
        213.4
       237.63
       244.12
       256.38
       261.27
       261.03
       255.34
       255.33
       255.38
       221.24
       199.33
       188.61
       175.56
       167.61
       163.72
       159.39
       155.51
       151.62
       147.29
       139.52
       136.06
       128.72
       121.81
       118.35
       111.45
       107.99
       101.95
         98.5
       95.481
       90.306
       87.718
       85.135
       82.548
       79.735
        76.72
       155.65];